8.431172
8.349982
8.29454
8.205883
8.169523
8.282955
8.26255
8.235062
8.198012
8.138479
8.096365
8.022427
7.9577365
7.9186773
7.870757
7.7954865
7.7361455
7.6378794
7.633869
7.5381455
7.4560404
7.3264437
7.2523346
7.167543
7.0486627
6.991091
6.774596
6.827282
6.74613
6.6320305
6.4088097
6.271091
6.20115
6.0922294
5.896411
5.873828
5.7243557
5.779849
5.8615856
5.50404
5.5747223
5.5300922
5.5223374
5.32723
5.313843
5.3634243
5.190444
5.2660246
5.220856
5.428001
5.5835037
5.568804
5.350616
5.303649
5.1860332
5.271103
5.2903395
5.067348
5.086602
5.0441246
5.2243633
4.9220924
5.0671034
5.2268
5.542205
5.32606
5.3449106
5.173068
5.082364
5.041641
5.0165014
5.0676107
4.981595
5.065153
4.9816713
5.3465605
5.232441
5.007909
5.201082
5.071637
4.94438
5.0546885
4.8593984
4.897295
4.9391737
4.9316616
5.1902647
5.175999
5.036841
4.9933615
5.105006
5.1508727
4.893633
4.7793913
4.9065948
4.9516344
5.2099695
4.9352446
5.099695
4.9974523
4.813568
4.9415994
4.9797297
4.881845
4.9504786
4.7900963
5.0922766
4.7919574
4.7365437
4.755226
4.8744655
4.8872786
4.8288
4.923039
4.838645
4.885305
4.86203
4.709536
4.587533
4.803791
4.8646026
4.761119
4.8559155
4.8653517
4.838577
4.9421444
4.804691
4.7476225
4.8772144
4.7690196
4.82654
4.8298993
4.809104
4.8601813
4.7842107
4.9668455
4.7506948
4.6166863
4.6851425
4.6755285
4.7582016
4.7893457
4.766016
4.795701
4.699112
4.9378996
4.671288
4.694772
4.506164
4.6152334
4.768529
4.601326
4.8546658
4.7069025
4.7734885
4.699314
4.9091277
4.6616373
4.5938005
4.4389935
4.6974483
4.708482
4.6436696
4.694798
4.695692
4.7538767
4.6684346
4.8001494
4.761305
4.615142
4.520954
4.5553484
4.490521
4.7758083
4.5592117
4.677745
4.6941223
4.7796555
4.720025
4.7435703
4.7680197
4.5134807
4.584507
4.554276
4.415106
4.597607
4.708885
4.580608
4.67402
4.659262
4.69306
4.7099295
4.662217
4.599971
4.7269187
4.396118
4.4276114
4.4676027
4.425599
4.6071377
4.490037
4.59041
4.662113
4.5726085
4.5928917
4.724555
4.6801167
4.57411
4.3747177
4.471567
4.511188
4.4749546
4.514679
4.478633
4.5961885
4.5705843
4.6362643
4.5231113
4.652974
4.658693
4.47029
4.577126
4.337367
4.382348
4.4973083
4.482185
4.49249
4.4915657
4.61697
4.6432047
4.54111
4.5100327
4.6876645
4.474921
4.5927496
4.30788
4.449011
4.4435425
4.455883
4.4449005
4.469667
4.5563765
4.5329313
4.5675964
4.5399466
4.583015
4.5160127
4.623811
4.356571
4.456414
4.290291
4.32213
4.4065194
4.4644856
4.3789954
4.4585714
4.45113
4.611701
4.508256
4.4560356
4.5248857
4.40596
4.2684016
4.316193
4.302496
4.303653
4.3254976
4.359478
4.4553604
4.400124
4.4573307
4.557764
4.5080204
4.5955133
4.6284485
4.797946
4.352124
4.2598085
4.2162213
4.279196
4.432505
4.2984176
4.3370366
4.5101557
4.3609557
4.417697
4.3589997
4.4104323
4.462658
4.3913784
4.316576
4.2736235
4.2659
4.3744497
4.2531195
4.371146
4.2995768
4.309246
4.357954
4.364624
4.3920794
4.382656
4.3931065
4.534283
4.3854384
4.4079328
4.267812
4.422842
4.3282185
4.3051577
4.2786436
4.212996
4.336793
4.3709188
4.412101
4.3589163
4.40996
4.4891815
4.7534
3.3245606
2.9581735
2.812471
2.5311823
2.6736841
4.299375
4.5759125
4.550771
4.675303
4.517701
4.5650706
4.4326963
4.50947
4.4716244
4.480463
4.4832625
4.423152
4.3915324
4.443389
4.3430295
4.4919186
4.3612404
4.334967
4.330203
4.20343
4.3299646
4.031296
4.4318647
4.4380918
4.3488045
4.1244497
4.2047825
4.2220993
4.247817
4.171238
4.2669525
4.1543913
4.340206
4.586855
4.227104
4.3906217
4.3455267
4.1888647
4.135744
4.194409
4.255734
4.1194277
4.257781
4.230751
4.38946
4.6031227
4.5586615
4.3693004
4.343365
4.120253
4.1728187
4.196645
3.9405606
4.1024017
4.1565914
4.2857075
4.0036817
4.188929
4.2966204
4.551772
4.3347692
4.3660183
4.2512717
4.08715
3.9734802
4.0166674
4.1380253
4.017119
4.161355
4.0795217
4.4119015
4.217349
4.0066776
4.266922
4.1123104
3.9798958
4.0465784
3.8166378
4.004463
4.073687
4.03901
4.323303
4.1978807
4.0793147
4.0197377
4.184352
4.211281
3.9758444
3.882574
4.04323
4.0577116
4.271325
3.9707685
4.109457
4.1069303
3.9240801
4.0415726
4.0730686
3.9896548
4.105866
3.920692
4.1015186
3.8336854
3.8201075
3.9095368
3.9872146
4.0048637
3.9443562
4.070503
3.9595654
4.0531397
4.0063705
3.7906804
3.738575
3.9554687
4.0355043
3.925004
4.035232
4.039075
4.0377455
4.0770826
3.9369519
3.882092
4.048347
3.9765754
4.0403156
4.0040812
3.9996371
4.052136
4.0015545
4.166895
3.9439464
3.8055546
3.8897836
3.9106584
3.981528
4.011194
3.998139
4.019312
3.942563
4.1971264
3.8631911
3.9277487
3.762514
3.89335
4.011921
3.8574846
4.090822
3.9656746
4.0546784
3.9590802
4.1557097
3.9076831
3.8646603
3.694063
3.9752665
3.9705114
3.9321694
3.96557
3.9866674
4.044301
3.9666734
4.0703554
4.056649
3.9170437
3.8217802
3.8680062
3.8040664
4.0744257
3.8812058
3.9887106
4.014293
4.1133223
4.042994
4.0617185
4.074007
3.822171
3.903145
3.8885028
3.763032
3.9599574
4.0509815
3.9277282
4.0180674
4.0102983
4.0605807
4.0558414
4.024594
3.9337575
4.0863285
3.7490764
3.779503
3.8493962
3.7935708
3.9740093
3.8633323
3.9654856
4.046873
3.9597688
3.9752831
4.1166534
4.034763
3.9332228
3.770194
3.862342
3.926923
3.8806584
3.9164486
3.8808045
3.9802952
3.9675395
4.0442543
3.9453056
4.0701084
4.060255
3.833634
3.977848
3.752506
3.8052804
3.9325817
3.897303
3.9157376
3.9023566
4.0470705
4.0782075
3.9828124
3.9483364
4.131175
3.9094622
4.009883
3.7383268
3.886735
3.8878183
3.913268
3.8838663
3.8998222
4.002762
3.9864948
4.02359
4.009901
4.0490417
3.9742942
4.073842
3.8130963
3.9021745
3.742829
3.7992172
3.8893986
3.9362948
3.8293653
3.921138
3.9264193
4.086717
3.9948552
3.9525394
3.9923117
3.8661792
3.7293081
3.8183107
3.795256
3.792111
3.822793
3.8530898
3.9421158
3.8986592
3.9510646
4.061317
4.017223
4.105242
4.1442285
4.2784805
3.8433743
3.758496
3.73388
3.7930877
3.9400208
3.796702
3.840593
4.0196743
3.8735843
3.9339237
3.883346
3.941717
3.9947608
3.8824847
3.8196442
3.7994514
3.790749
3.9045677
3.7870295
3.9006832
3.8113341
3.8199253
3.8948112
3.8986135
3.9318717
3.9335833
3.942347
4.054059
3.9218435
3.937707
3.8079057
3.9634438
3.8821077
3.8561213
3.8153248
3.7589588
3.8872972
3.9366992
3.9691617
3.9348285
3.9714093
4.0332785
4.2857795
2.58816
2.2122574
2.1848793
1.9294364
2.1542797
3.9385839
4.1723547
4.129342
4.2702093
4.1140084
4.16702
4.0265703
4.0778737
4.0756545
4.05972
4.0655904
4.0193777
3.9920444
3.9917092
3.9067068
4.133346
4.011452
3.9632099
3.960833
3.860594
3.9709415
3.6863232
4.088581
4.0849175
3.9547267
3.7166889
3.8630803
3.8900223
3.9065526
3.8354638
3.933076
3.8148239
3.9871478
4.230783
3.859647
4.055462
3.9822245
3.7818227
3.7955227
3.853514
3.9250937
3.7940354
3.9298885
3.8907104
4.0459905
4.2461987
4.1747956
4.0024166
4.003482
3.7522626
3.8006454
3.8206105
3.577014
3.7500052
3.816428
3.927071
3.662
3.8649635
3.942925
4.1861086
3.9658713
4.01562
3.9164798
3.7284596
3.583816
3.6561458
3.8018208
3.6732597
3.8053656
3.741381
4.048959
3.8497279
3.645742
3.9189658
3.746984
3.6240382
3.680766
3.4560523
3.6542335
3.7382162
3.6814167
3.9735098
3.8151107
3.7310765
3.6572342
3.8234525
3.8427725
3.616478
3.5397415
3.6866407
3.7005382
3.9098532
3.6015697
3.7359512
3.7591
3.5775323
3.6924918
3.7086782
3.6220655
3.7589056
3.5648646
3.7225022
3.4692504
3.4650707
3.566728
3.6287882
3.646325
3.5921655
3.7183285
3.59275
3.693906
3.6602502
3.426365
3.4045148
3.611209
3.6858811
3.5700042
3.6789029
3.6816425
3.6837757
3.7195873
3.5746698
3.5248673
3.6942701
3.6407042
3.6988587
3.6492546
3.645329
3.6969945
3.6497579
3.8178723
3.5975072
3.4666197
3.551498
3.5692456
3.643858
3.665596
3.657086
3.6663291
3.606738
3.8612797
3.511489
3.6006017
3.4342203
3.5753713
3.6770306
3.52334
3.738614
3.6302614
3.7239168
3.6236854
3.823103
3.56705
3.5351887
3.3651094
3.6539986
3.6431088
3.6082666
3.6372647
3.6581655
3.7147725
3.634591
3.7321484
3.7204933
3.59942
3.5032315
3.5555048
3.489365
3.7452807
3.5559359
3.6672
3.6875687
3.7952993
3.727496
3.738783
3.7500114
3.4942646
3.588479
3.5757313
3.4508684
3.6582785
3.741685
3.6107912
3.7011728
3.6921399
3.7474241
3.7426555
3.7233834
3.6072354
3.7815046
3.442587
3.4788375
3.5499713
3.4975789
3.6612306
3.5578294
3.656776
3.7456317
3.6516042
3.671927
3.8098447
3.7325652
3.624
3.4752789
3.5581884
3.6367116
3.5892997
3.6205242
3.581429
3.670177
3.657528
3.7469404
3.6546888
3.7788496
3.7650347
3.5166526
3.6758943
3.4594073
3.515331
3.6502004
3.603035
3.6261606
3.6050916
3.7544665
3.786975
3.6973617
3.6576805
3.8456273
3.634288
3.7120674
3.4514523
3.5977318
3.6038508
3.6365547
3.5985591
3.6085162
3.715198
3.707397
3.7406406
3.737717
3.7700639
3.690403
3.7866178
3.5365682
3.6157951
3.4633732
3.5308414
3.6198735
3.6604478
3.546501
3.6359982
3.649168
3.809351
3.7147207
3.6856494
3.7136004
3.5924468
3.449618
3.5526023
3.5302625
3.5230713
3.5590954
3.5880535
3.6742241
3.63044
3.6798239
3.7871387
3.746573
3.8329542
3.877625
4.0006237
3.5716906
3.494173
3.4742422
3.5348825
3.6797948
3.5343127
3.576413
3.7510588
3.6124668
3.670445
3.6227436
3.686201
3.7400813
3.608776
3.552433
3.5429206
3.5306273
3.6443694
3.5336285
3.6432633
3.553563
3.5609815
3.6434536
3.6405697
3.676535
3.6820793
3.6938066
3.7876108
3.6658463
3.6783962
3.5542986
3.7063038
3.6347985
3.6072025
3.5613143
3.5079331
3.6391182
3.6901903
3.7216892
3.6919672
3.7234068
3.7799892
3.984222
2.2168179
1.8034518
1.8271396
1.5748165
1.8544621
3.7271144
3.9363024
3.8807023
4.0230856
3.864025
3.9228008
3.7920256
3.8220248
3.8305354
3.7948308
3.8195555
3.7727854
3.7536588
3.7455802
3.6653347
3.9147048
3.8008144
3.746498
3.7394218
3.6562111
3.7491195
3.4707956
3.8770597
3.8670979
3.705841
3.4699714
3.6401386
3.6892614
3.6948843
3.6258252
3.7182186
3.5958848
3.7721806
3.9970016
3.630054
3.8446708
3.7540452
3.5350037
3.5804036
3.636145
3.7234735
3.5969577
3.7256339
3.6843548
3.825429
4.0239944
3.9344463
3.7782898
3.7978358
3.5276494
3.5663931
3.5780969
3.3414497
3.5332813
3.618274
3.7076447
3.457733
3.6668184
3.7275043
3.9507613
3.7545247
3.800315
3.7120247
3.5163789
3.350794
3.4302516
3.5876558
3.4544837
3.5831156
3.519646
3.8294287
3.623406
3.4227366
3.7002282
3.5247881
3.4008636
3.4413056
3.2109914
3.445541
3.5207915
3.4589157
3.7531157
3.5824237
3.5199008
3.4457612
3.6108062
3.624249
3.397174
3.322832
3.4608936
3.4732263
3.6964285
3.3750486
3.5089731
3.5476942
3.3696713
3.485971
3.4867687
3.3939676
3.5369277
3.3452992
3.4924734
3.2408562
3.2540662
3.3540459
3.4185276
3.430898
3.3705482
3.4963853
3.3608313
3.4665134
3.45
3.2053783
3.1977787
3.407514
3.4739203
3.3545132
3.4539704
3.4578457
3.4618077
3.4881558
3.3494306
3.3079033
3.4773016
3.4350264
3.4903755
3.4310482
3.4315612
3.4771652
3.4358447
3.6033893
3.3888967
3.268016
3.3436828
3.3654008
3.4396446
3.4539561
3.4456134
3.4439673
3.401394
3.646599
3.292111
3.4026132
3.2325335
3.3853762
3.4734533
3.3222518
3.5185812
3.4229717
3.5197754
3.4164696
3.6188793
3.3596065
3.332996
3.1641212
3.4561296
3.4378242
3.4098265
3.4299514
3.4545763
3.510861
3.4258168
3.5157766
3.5149
3.4032102
3.2982864
3.3631248
3.2960706
3.5395594
3.3552847
3.465269
3.486978
3.5915427
3.5265536
3.5320854
3.5453649
3.2865174
3.390359
3.3757539
3.2600656
3.468758
3.5460296
3.411632
3.5024543
3.4918752
3.5471559
3.5398712
3.531959
3.401056
3.5883093
3.2469163
3.287696
3.3616412
3.3070385
3.464476
3.3657491
3.466178
3.553609
3.4562392
3.4755695
3.607359
3.533165
3.4302478
3.286018
3.3640118
3.4501162
3.4056115
3.4369242
3.3890634
3.4729478
3.4627726
3.5551577
3.4668684
3.5877779
3.5700889
3.3162205
3.483363
3.27186
3.3327901
3.4702752
3.4158773
3.4422336
3.4160318
3.5670838
3.5965767
3.5092628
3.467792
3.6569505
3.4475408
3.5220752
3.264448
3.4143643
3.4227176
3.457878
3.4111614
3.4196157
3.5244937
3.5277472
3.558096
3.5593843
3.5819314
3.5042086
3.594761
3.358375
3.4306953
3.2824826
3.3601975
3.4442651
3.4795222
3.3626542
3.4477386
3.467861
3.624148
3.5276105
3.502117
3.525601
3.4128144
3.2650285
3.3753688
3.3542392
3.3476377
3.3828826
3.4104486
3.4898224
3.452001
3.504496
3.6019673
3.5608304
3.6450522
3.6950753
3.8126752
3.3899016
3.3184369
3.3008254
3.3648303
3.5047927
3.3568301
3.3992834
3.5728993
3.436143
3.4935298
3.4456105
3.5046208
3.5653822
3.423617
3.3724713
3.3682456
3.3582482
3.4712844
3.3668861
3.4685993
3.3774695
3.3853161
3.4715042
3.4644508
3.5005126
3.507274
3.52217
3.6064813
3.488523
3.500191
3.3806543
3.5323586
3.4676557
3.4382043
3.3894787
3.337694
3.4699163
3.5214415
3.5523643
3.5221026
3.550373
3.6077967
3.763372
1.995894
1.5432296
1.5952084
1.3476076
1.6607552
3.573009
3.7558703
3.7014246
3.8470697
3.685051
3.7329845
3.5854921
3.6264448
3.6568584
3.6140745
3.6468577
3.5907664
3.5670414
3.5609827
3.486838
3.7426605
3.6386163
3.572902
3.5616517
3.5046005
3.5828342
3.3058598
3.7053716
3.695192
3.5283859
3.2853193
3.470912
3.5383239
3.538444
3.4664388
3.5590312
3.4380636
3.6254668
3.8419402
3.4725149
3.6895604
3.6041229
3.37013
3.440579
3.4876113
3.5833335
3.455297
3.5753932
3.5374951
3.6684086
3.8648925
3.7742443
3.6177816
3.6433625
3.373507
3.3927534
3.4013739
3.180158
3.374589
3.4695876
3.5602915
3.3090894
3.5195646
3.5692701
3.7766726
3.5879993
3.6380084
3.5623221
3.3617811
3.1903477
3.277501
3.4291377
3.2967248
3.4267073
3.363004
3.6778092
3.4617481
3.2672
3.5542688
3.3736274
3.243363
3.2721844
3.0386434
3.2975397
3.3691392
3.3006256
3.5898833
3.4186106
3.367713
3.2922263
3.4572818
3.4695807
3.2391067
3.1728804
3.3024828
3.3178115
3.5466723
3.2190566
3.3458385
3.3982637
3.2193017
3.3376508
3.329498
3.230787
3.3871253
3.1930318
3.3357382
3.0822444
3.1029687
3.2012267
3.2626727
3.2801266
3.2204044
3.3435001
3.2080364
3.3091006
3.3060822
3.0511997
3.0465245
3.2573094
3.3270354
3.2066114
3.2980924
3.3034058
3.3074496
3.3247137
3.1904716
3.1465545
3.3212996
3.2884874
3.346293
3.278203
3.2779522
3.3201113
3.283391
3.4470854
3.2386765
3.1207683
3.1911561
3.2178326
3.29501
3.3055282
3.2976127
3.2886941
3.2552066
3.4918473
3.1370099
3.2605271
3.086464
3.2470608
3.325234
3.1766906
3.3607025
3.2751288
3.372398
3.2659085
3.469551
3.2066836
3.187253
3.0206199
3.315415
3.2893643
3.2682261
3.2798476
3.3120413
3.365353
3.2770903
3.3578277
3.3662682
3.259141
3.1505427
3.2225049
3.1570907
3.3934824
3.2124605
3.3196137
3.3448908
3.445841
3.3832154
3.3828044
3.4011598
3.1378014
3.2447236
3.2253203
3.121798
3.3321617
3.4031665
3.2694569
3.357595
3.3447895
3.4006715
3.3919647
3.3871396
3.2494981
3.4496398
3.1049871
3.1494606
3.2236114
3.1672575
3.3218846
3.225997
3.326833
3.4119906
3.3119845
3.3312712
3.455916
3.3781714
3.2833972
3.1476924
3.220908
3.3105202
3.270807
3.3011422
3.2446752
3.3271646
3.3176217
3.4120555
3.3260195
3.4434
3.4245305
3.164731
3.3373206
3.1302142
3.1941738
3.335782
3.278945
3.307276
3.2732522
3.4265094
3.4563518
3.3690076
3.326033
3.5181708
3.3051157
3.374602
3.1188898
3.2736619
3.2881415
3.3248322
3.273219
3.280787
3.3779483
3.394481
3.4215665
3.4247487
3.4442768
3.3627102
3.447971
3.21943
3.2896624
3.143218
3.231919
3.312172
3.3449383
3.224544
3.3061223
3.3276463
3.4852705
3.3880064
3.3652165
3.3830361
3.2757008
3.126183
3.2394054
3.2195778
3.2145448
3.2515674
3.2781339
3.3484263
3.3162177
3.3735962
3.465095
3.4223971
3.5054154
3.556551
3.6681972
3.2493367
3.182596
3.1688893
3.2348123
3.3732796
3.2225976
3.2628527
3.4400868
3.3027954
3.3581421
3.3133795
3.3687012
3.4323578
3.2769876
3.231182
3.231513
3.2230554
3.3350263
3.2373862
3.3338919
3.241662
3.2501035
3.3368936
3.3288054
3.3670216
3.371951
3.388475
3.4643393
3.3472383
3.3593621
3.2434397
3.397551
3.3353834
3.3055806
3.2561831
3.201591
3.3371167
3.3908243
3.4235322
3.3924444
3.4163177
3.4723735
3.6114748
1.7662623
1.2848583
1.3811758
1.1475174
1.4965762
3.4359217
3.6085978
3.548532
3.690495
3.5234406
3.5637777
3.3995554
3.4729056
3.5108056
3.461525
3.5019126
3.4361627
3.4161186
3.4196577
3.343457
3.605736
3.5147188
3.4414024
3.4301848
3.3897345
3.4500868
3.1893575
3.5833106
3.5775301
3.392684
3.1388738
3.3273847
3.4110909
3.4122787
3.3414543
3.4394164
3.3094606
3.5005646
3.7136536
3.3375983
3.5617847
3.474329
3.2329957
3.3236022
3.3647509
3.467103
3.3400278
3.4606967
3.4251747
3.5467043
3.7321815
3.6330945
3.4866858
3.5190263
3.2445407
3.248105
3.2504346
3.034288
3.2525868
3.3583477
3.4447744
3.193206
3.4123685
3.4439335
3.64712
3.4501362
3.5098996
3.4330873
3.2306638
3.059991
3.1474917
3.3141232
3.1776166
3.3120775
3.2462626
3.5449047
3.3224962
3.13596
3.426631
3.2543156
3.1170006
3.1421666
2.9033778
3.177765
3.2434726
3.1746495
3.4613128
3.2834265
3.2406006
3.1653087
3.3332317
3.3418589
3.1194296
3.0508785
3.1782515
3.1916459
3.4288878
3.0851974
3.2147794
3.2774608
3.0991187
3.2197757
3.2077804
3.1052122
3.268387
3.0742106
3.2095032
2.9583116
2.9780312
3.0739107
3.1316597
3.1484375
3.0995128
3.2191434
3.0886226
3.1885214
3.1892087
2.9301763
2.9219506
3.1344059
3.203311
3.0885358
3.1690507
3.1807127
3.186451
3.1968713
3.0611246
3.0235875
3.1980975
3.1714292
3.2330341
3.157074
3.1551533
3.195711
3.158603
3.325111
3.121291
3.0075557
3.0733314
3.0989025
3.176356
3.182395
3.1801229
3.1645331
3.1375809
3.3678396
3.0114622
3.148304
2.9692097
3.1351802
3.2059636
3.0619733
3.23526
3.1588268
3.2541096
3.1462417
3.3496466
3.086629
3.0662947
2.9053254
3.201881
3.1729612
3.1540387
3.1624312
3.1944728
3.2476776
3.1572616
3.2341347
3.2490642
3.1414466
3.0315194
3.1078982
3.0452116
3.2729125
3.0987134
3.1989117
3.2269032
3.3291438
3.2647722
3.2607374
3.2757947
3.0169945
3.1266184
3.1108809
3.0102577
3.215045
3.289298
3.1557138
3.2412338
3.225933
3.2820675
3.2700171
3.2677293
3.1296356
3.3341
2.9929442
3.0347517
3.11091
3.0553353
3.209077
3.1130104
3.2140503
3.2996852
3.1994169
3.214941
3.3351445
3.2550569
3.1648161
3.0373235
3.1049533
3.2014103
3.1614556
3.1911159
3.126999
3.212131
3.198556
3.29517
3.2139554
3.324141
3.3070097
3.0448823
3.2215734
3.0164676
3.0841885
3.2259364
3.167871
3.19909
3.161888
3.3163152
3.3424077
3.2594209
3.2141354
3.405417
3.1927886
3.2601504
3.004096
3.158689
3.179648
3.2164285
3.1615326
3.1707518
3.2644818
3.28781
3.3104045
3.3192043
3.336702
3.2509384
3.3315563
3.1085098
3.1754606
3.0310984
3.1222715
3.2064092
3.2397423
3.1141968
3.1917388
3.2118194
3.3728485
3.2745051
3.2517433
3.2701173
3.1671536
3.0141878
3.1259599
3.1089892
3.10741
3.1447322
3.170729
3.2336607
3.2059357
3.2663465
3.3533266
3.3083289
3.3900843
3.4469614
3.5564022
3.1373856
3.0724626
3.0639658
3.1306212
3.2664816
3.1139932
3.1528463
3.3326564
3.1946957
3.24948
3.2057643
3.2568717
3.325612
3.1652443
3.1168401
3.1206565
3.1147678
3.2251482
3.1340175
3.2291496
3.132384
3.142027
3.2282057
3.2213326
3.2548406
3.2622972
3.2774262
3.353454
3.2326622
3.2452397
3.133809
3.2917666
3.2286828
3.2019248
3.1482832
3.093957
3.2267923
3.2830827
3.3168352
3.2868154
3.3088336
3.364466
3.488743
1.5812395
1.0784224
1.2053177
0.9795168
1.357156
3.3199193
3.4789114
3.423026
3.563115
3.391596
3.4251618
3.2319267
3.3359442
3.3863845
3.3366373
3.3931518
3.3167152
3.3010254
3.3015294
3.2199655
3.4905918
3.3898153
3.3334017
3.3170807
3.28941
3.3480825
3.0868337
3.4686952
3.4737282
3.2792182
3.0208454
3.2110171
3.309881
3.3066258
3.2376668
3.337871
3.207537
3.3983622
3.604106
3.2240896
3.452927
3.3663998
3.109773
3.2193274
3.2575865
3.3689523
3.246976
3.355037
3.3247123
3.4391594
3.61898
3.5225534
3.379159
3.4210362
3.1419148
3.154627
3.1364677
2.917183
3.142734
3.254614
3.3407555
3.0815392
3.3083186
3.3427527
3.5383143
3.3581123
3.4172108
3.3446436
3.1444829
2.9659011
3.0467963
3.2019293
3.06976
3.199534
3.1420178
3.4466286
3.220477
3.0376682
3.3347862
3.1636603
3.0107388
3.025159
2.783938
3.076423
3.139181
3.07588
3.358117
3.1762714
3.1358504
3.0618362
3.2277157
3.2248569
3.0221796
2.9557214
3.075872
3.0908194
3.3174186
2.9683244
3.1000094
3.171935
2.9959202
3.1178195
3.105949
2.9949446
3.1632218
2.9697528
3.0944784
2.8457913
2.8686514
2.971289
3.0260472
3.0432987
2.9989045
3.1115146
2.9833665
3.07719
3.0912495
2.8243122
2.8173733
3.0285444
3.1003404
2.990844
3.061432
3.0810056
3.0871534
3.0916963
2.9554152
2.918797
3.092464
3.0678287
3.12714
3.053998
3.0538075
3.09274
3.0536551
3.2206023
3.0204875
2.9034343
2.972522
3.003902
3.0769362
3.0854511
3.081882
3.0603635
3.036021
3.2641644
2.9091754
3.0528624
2.8706644
3.0440125
3.1055584
2.9657536
3.1308324
3.0578768
3.154121
3.0393949
3.2475607
2.981699
2.964264
2.809112
3.1077452
3.074484
3.058978
3.0591795
3.0954356
3.1490939
3.0565467
3.1264133
3.150719
3.04705
2.933032
3.0134509
2.952227
3.1689773
3.0052013
3.0946155
3.1224198
3.2246413
3.157978
3.157597
3.1752086
2.916807
3.0271983
3.0153341
2.9202209
3.1204352
3.1926136
3.059515
3.140437
3.1268873
3.1834993
3.1637511
3.160936
3.0284312
3.239801
2.8993983
2.9355085
3.0165925
2.958074
3.1126423
3.0196376
3.1125336
3.2021847
3.100823
3.1103864
3.2281294
3.1472893
3.0602605
2.9430835
3.0040512
3.1064873
3.0680513
3.0988572
3.028528
3.113433
3.0984302
3.1928625
3.1135435
3.2167587
3.2009292
2.943179
3.1230757
2.9216397
2.9882965
3.1310627
3.07416
3.1060078
3.0629482
3.2174206
3.2451532
3.1592517
3.1134953
3.3050175
3.0951343
3.1614153
2.9036465
3.0593987
3.0895467
3.1220803
3.0659397
3.0704184
3.1611502
3.1893306
3.211968
3.2204983
3.2360578
3.155572
3.2295365
3.0127654
3.0779383
2.935065
3.0327938
3.112152
3.1478548
3.0188158
3.0889995
3.1090622
3.2702627
3.1735816
3.1500273
3.169809
3.0708458
2.9189105
3.0280404
3.0112276
3.0153623
3.0560112
3.0788898
3.1329844
3.110424
3.170948
3.2542949
3.2049675
3.2838545
3.3497415
3.4616437
3.042265
2.9793386
2.9728792
3.0417314
3.1735272
3.0196238
3.0534174
3.2368631
3.0982332
3.1505888
3.1089406
3.1547136
3.2292972
3.0664015
3.020187
3.0258462
3.0183697
3.1314852
3.0439477
3.1358018
3.0380316
3.0489948
3.1347415
3.12191
3.1538646
3.1605415
3.1755123
3.2563617
3.1371944
3.1475105
3.0393574
3.200358
3.1373346
3.1102602
3.051445
2.9955332
3.1272779
3.1837988
3.2200694
3.1875732
3.2107348
3.2685766
3.3777564
1.4280174
0.89982784
1.0403244
0.8150811
1.2122457
3.2259765
3.3777227
3.3201737
3.4591398
3.2867846
3.2985084
3.0880733
3.2264671
3.3003778
3.2427325
3.3194227
3.2167203
3.1988764
3.2011955
3.1158352
3.3893232
3.2993555
3.2191982
3.2076774
3.1974468
3.247795
2.9862518
3.3879356
3.3868883
3.1906142
2.9044752
3.0864327
3.2101336
3.2101614
3.1403823
3.2434435
3.1029396
3.30096
3.5028234
3.1348581
3.3614519
3.2786634
3.0173392
3.1180248
3.1515865
3.2648687
3.1431022
3.2431464
3.225873
3.33846
3.5183172
3.4222083
3.276997
3.329248
3.036436
3.0337882
3.019885
2.8104298
3.0419831
3.1705017
3.2565548
2.9922962
3.21734
3.2599928
3.4240797
3.2803535
3.3282723
3.2722752
3.0625346
2.872233
2.9517682
3.1044474
2.975656
3.0988991
3.0397744
3.3478906
3.118853
2.944367
3.2409616
3.0706584
2.9077907
2.925848
2.687119
2.9657211
3.031763
2.9725742
3.250052
3.082734
3.0449586
2.974246
3.1323833
3.136208
2.938462
2.8666213
2.9762154
2.9979048
3.220082
2.8704355
3.0035472
3.0835147
2.9024072
3.032924
3.014359
2.895719
3.0697033
2.8793879
3.0043573
2.748363
2.7770753
2.8793855
2.9375548
2.951028
2.9118118
3.0161672
2.8865998
2.9842324
3.0086532
2.7333593
2.728877
2.9427738
3.0104601
2.9014325
2.9650962
2.986886
2.9987123
2.9952755
2.8606427
2.8285072
3.0018528
2.9792404
3.0411956
2.9680123
2.9625878
2.9987516
2.9579952
3.1272402
2.930653
2.8108106
2.8832653
2.9196258
2.9909282
2.999895
2.9918227
2.9667397
2.9476428
3.174536
2.8153992
2.9669847
2.784593
2.9624739
3.0176668
2.8822896
3.0358396
2.9703355
3.0677629
2.9476833
3.1581633
2.8917558
2.8747044
2.7242374
3.0242395
2.9855077
2.9740798
2.9677548
3.0084367
3.0613837
2.9675565
3.0347633
3.064673
2.9645548
2.8500407
2.9300203
2.8722467
3.0787702
2.9238787
3.0043669
3.0302114
3.135015
3.0646477
3.065799
3.090259
2.8272598
2.9433565
2.9335556
2.8418598
3.0392694
3.1086578
2.9764137
3.0480366
3.0387998
3.0932393
3.0728045
3.0701122
2.9400675
3.1591592
2.8168132
2.8518078
2.9344933
2.8768632
3.0301714
2.941317
3.0243683
3.1171951
3.0162642
3.0230312
3.1388264
3.0545063
2.968122
2.8634353
2.9201484
3.027646
2.988416
3.016199
2.9442642
3.0272987
3.0089965
3.1054916
3.026122
3.128365
3.1155448
2.8575478
3.0371647
2.8415656
2.911129
3.0555825
2.9966192
3.0305796
2.9780455
3.1321282
3.1602676
3.0769143
3.0302243
3.2183018
3.0147753
3.0772848
2.8196611
2.9770951
3.0125513
3.0433545
2.98637
2.9853916
3.0716488
3.1064472
3.1275253
3.1375072
3.1532884
3.0750299
3.1429722
2.930773
2.9957912
2.855425
2.9598083
3.03269
3.069834
2.939086
3.0016832
3.0211358
3.1847773
3.0887156
3.0646436
3.0874448
2.9911456
2.836426
2.9461174
2.928782
2.9411354
2.9827085
3.003519
3.04924
3.0284817
3.0893583
3.1708658
3.1209555
3.1971135
3.266581
3.3812017
2.962239
2.8993034
2.898265
2.9686794
3.0956917
2.9451692
2.9710374
3.1567686
3.0172443
3.0679898
3.0313787
3.0708394
3.1492095
2.9863112
2.9373002
2.9444335
2.938602
3.0556161
2.9704683
3.062313
2.961976
2.9691803
3.052638
3.0412657
3.0706027
3.0756178
3.0975723
3.1767054
3.059495
3.0666897
2.960767
3.1264691
3.0646176
3.0368078
2.977281
2.914062
3.0438867
3.098578
3.1374612
3.1047807
3.133167
3.1901355
3.2849731
1.2928717
0.7726136
0.9323829
0.72503304
1.1260228
3.0859377
3.2611535
3.2046378
3.3392522
3.159864
3.163412
2.9338357
3.1028101
3.1900072
3.1275153
3.2103148
3.10664
3.0935607
3.1001585
3.0313451
3.285952
3.1959434
3.1216745
3.1139953
3.1124258
3.1659384
2.8961892
3.2900348
3.289193
3.0921085
2.8200717
2.993757
3.1297643
3.1312141
3.0589747
3.1650996
3.012557
3.2143743
3.4126813
3.0550332
3.2804945
3.193274
2.9273028
3.0301075
3.0687847
3.1848161
3.068077
3.1635356
3.153614
3.2657242
3.4422193
3.343185
3.1951985
3.2588205
2.9612665
2.8975677
2.8869712
2.707593
2.9476342
3.0943794
3.1716733
2.9054437
3.1252322
3.1720557
3.32551
3.1807065
3.2277691
3.1746168
2.9618082
2.7776475
2.872433
3.0200293
2.8935654
3.0204363
2.9552817
3.2708373
3.0297685
2.8667002
3.1569371
2.9966476
2.8195748
2.8246453
2.5995827
2.8862915
2.9969378
2.8903093
3.1668384
2.9990413
2.9669013
2.9028182
3.0606756
3.0603952
2.8766842
2.7935815
2.9073982
2.9364438
3.1532092
2.7929306
2.9314923
3.0148973
2.8371046
2.9736624
2.9558635
2.8276424
3.0109606
2.8133817
2.9381485
2.6769705
2.7139854
2.8146667
2.8725078
2.8898158
2.8495016
2.9514637
2.821839
2.9234467
2.946949
2.6658828
2.6617885
2.878427
2.9483757
2.8404043
2.8993185
2.9191906
2.934543
2.9263406
2.7904186
2.7600536
2.9353063
2.9174018
2.9822323
2.905405
2.8976002
2.931764
2.889773
3.0584707
2.866696
2.7425466
2.8170123
2.858107
2.9296243
2.9407887
2.9292743
2.9045727
2.8861437
3.1095643
2.7458801
2.9033017
2.720787
2.9063053
2.9537203
2.8230348
2.9678059
2.9039407
3.0019422
2.878811
3.094279
2.8260708
2.8056037
2.6585026
2.9648561
2.92452
2.913611
2.9026527
2.9444818
3.000714
2.9042206
2.9658577
3.000085
2.903995
2.7861745
2.8699803
2.8147988
3.0154734
2.8653626
2.9401455
2.9653277
3.0678577
2.9940238
2.999607
3.0315638
2.7660599
2.8811386
2.8723984
2.7843442
2.9816067
3.0495026
2.920638
2.9856277
2.9761252
3.0325189
3.002738
3.00493
2.8771882
3.1003652
2.7565463
2.791477
2.8744028
2.8159523
2.9703832
2.8830743
2.9598453
3.051713
2.9561317
2.9574864
3.0713503
2.9857917
2.8983548
2.8013148
2.8570805
2.9685092
2.9281163
2.9568503
2.8862572
2.9646304
2.944515
3.0425267
2.9648876
3.058896
3.0504751
2.795693
2.9770803
2.7780764
2.8503323
2.9960294
2.9380145
2.9773684
2.915825
3.0693648
3.094563
3.0108943
2.9632597
3.1489477
2.9549937
3.014686
2.7565916
2.9123495
2.9508252
2.982162
2.927313
2.9232185
3.007419
3.0419772
3.063154
3.0717766
3.0861335
3.0155454
3.079392
2.872253
2.931491
2.7935834
2.9038887
2.973805
3.0153708
2.87746
2.933763
2.95364
3.1177711
3.0226276
2.997455
3.026914
2.9293914
2.7741046
2.8809958
2.8616328
2.882437
2.9287133
2.9498029
2.9893498
2.9679823
3.0270638
3.1063495
3.0563328
3.126586
3.2017124
3.3217351
2.8992503
2.839361
2.8377566
2.9117486
3.0358377
2.8897386
2.9083524
3.094865
2.9528913
3.004784
2.9720263
3.0050306
3.0902367
2.922753
2.876556
2.8831494
2.879139
2.9957142
2.9103436
3.0024905
2.901125
2.9067802
2.9939487
2.9745793
3.0020075
3.007897
3.0321524
3.117869
3.001492
3.0034769
2.9021864
3.070404
3.0095854
2.9797602
2.9156575
2.850267
2.9792194
3.0355785
3.0763369
3.044675
3.0727649
3.1320915
3.2226803
1.1663277
0.5949798
0.7539036
0.53428984
0.9681798
2.9963737
3.1861444
3.1244597
3.2666173
3.085669
3.0717835
2.8207989
3.0167696
3.1162944
3.0543327
3.1440468
3.0403008
3.0090518
3.0287716
2.9765298
3.2167244
3.1281743
3.0600305
3.060701
3.0608046
3.102375
2.8309202
3.2167299
3.2252636
3.0301654
2.7504582
2.9261675
3.0710454
3.0747147
2.9967191
3.1060052
2.9447393
3.1520486
3.3434162
2.9993384
3.2227905
3.1383295
2.86534
2.9699874
3.006594
3.1183624
3.0065598
3.098753
3.1016603
3.2097404
3.3807251
3.2855215
3.1295547
3.2056947
2.906821
2.818561
2.810835
2.642714
2.8837023
3.035892
3.1081967
2.8419273
3.0552564
3.1118305
3.2560952
3.1262932
3.1620648
3.1162992
2.9045253
2.7136037
2.8215437
2.9622307
2.8377764
2.9617531
2.890162
3.2153964
2.9640765
2.8037024
3.0975447
2.9383
2.7560236
2.7549047
2.5308337
2.8324084
2.8976212
2.8321607
3.102108
2.9389129
2.9077659
2.8453207
2.9917617
2.9909692
2.812885
2.7335892
2.8325784
2.8663294
3.0889173
2.7245564
2.8635678
2.951971
2.7745576
2.9090116
2.8906775
2.7585726
2.938472
2.746267
2.868392
2.6104088
2.6496365
2.749353
2.8066392
2.827588
2.7815766
2.8840475
2.7500086
2.8604813
2.885254
2.5981421
2.5988057
2.8068986
2.880614
2.774263
2.8326545
2.852539
2.872288
2.855113
2.721082
2.6972613
2.8706112
2.8527179
2.9197822
2.8452334
2.833949
2.8657312
2.8216858
2.987458
2.8025842
2.6726391
2.750621
2.794497
2.8671744
2.8794937
2.861475
2.840282
2.8205066
3.0405092
2.6777816
2.8361528
2.6600232
2.8444269
2.886063
2.761407
2.8998613
2.8371143
2.9349113
2.8112998
3.0327845
2.7595792
2.741123
2.593984
2.9033375
2.8598418
2.8526187
2.8380742
2.875722
2.938746
2.836323
2.8989947
2.9323866
2.8392441
2.7244356
2.8058155
2.7556095
2.9514477
2.804482
2.8722434
2.895651
2.9919739
2.9161203
2.9306152
2.9711804
2.7016454
2.8154855
2.812303
2.7264888
2.9171753
2.9831593
2.8604162
2.9189153
2.9102068
2.9654346
2.926475
2.938174
2.811915
3.0397635
2.6965868
2.729659
2.810587
2.7532294
2.9059796
2.8267603
2.8911462
2.9860787
2.8896663
2.8897781
3.0052774
2.9238014
2.8298314
2.7418451
2.7952724
2.9097943
2.867058
2.8965728
2.824149
2.9011254
2.878862
2.9732037
2.8986745
2.9909725
2.9893637
2.7279868
2.9149287
2.7156825
2.7925858
2.9361367
2.8756294
2.9201593
2.8489113
3.0050876
3.0282354
2.9445133
2.8964987
3.0822306
2.8976703
2.9496377
2.6921506
2.845843
2.889917
2.9222598
2.864121
2.8548446
2.94307
2.9775524
2.9979355
3.006457
3.0208473
2.955546
3.0149477
2.810234
2.8699954
2.7330332
2.8437822
2.9153173
2.9587128
2.8137412
2.8648677
2.8829846
3.0521698
2.9584937
2.929347
2.9703977
2.8701034
2.7086606
2.8177228
2.8004956
2.825879
2.8715658
2.8900712
2.9201944
2.9040956
2.9633384
3.0431788
2.9905567
3.0575173
3.1334896
3.2620597
2.8352761
2.7786465
2.779333
2.8545814
2.9733238
2.8306513
2.8401895
3.0347028
2.890286
2.9380348
2.9143274
2.9386616
3.0276587
2.8547416
2.811136
2.816811
2.814855
2.933744
2.8517756
2.9427786
2.83717
2.8465414
2.9290118
2.9078298
2.934147
2.94064
2.9646611
3.0590482
2.939068
2.9400215
2.8437583
3.011295
2.947763
2.9227498
2.8486133
2.785125
2.9139588
2.9687457
3.013455
2.9797983
3.0088167
3.0673747
3.1517346
1.0199423
0.44143754
0.64602953
0.4371218
0.88389486
2.907319
3.0984857
3.0481062
3.1866362
3.0019803
2.982668
2.6985261
2.9224694
3.030211
2.9775467
3.0714073
2.9638307
2.9391181
2.9720538
2.904642
3.143221
3.0554533
2.984157
2.9739714
2.9934847
3.02906
2.762906
3.1384702
3.150203
2.9588013
2.684576
2.8569949
3.0051947
3.0004535
2.9310822
3.0424747
2.8812041
3.090825
3.2780461
2.9391794
3.1667914
3.0749094
2.8032403
2.891635
2.931694
3.0512004
2.9401808
3.0270214
3.0337093
3.1329608
3.303982
3.207068
3.0572252
3.1409564
2.828755
2.736363
2.7226994
2.5599837
2.8089826
2.969367
3.0364861
2.7721143
2.9867768
3.039884
3.179678
3.0558953
3.0989528
3.0657756
2.8414428
2.642168
2.7616653
2.8942752
2.7724855
2.8924727
2.8231797
3.1498537
2.8958397
2.7422168
3.0331109
2.8741312
2.6844401
2.6830792
2.4551733
2.7691212
2.8310661
2.7628026
3.0312169
2.8681173
2.842673
2.776093
2.9222593
2.9195714
2.7556677
2.6628358
2.7655845
2.8002412
3.0254047
2.6524282
2.7956219
2.8853254
2.7150633
2.846456
2.826353
2.687553
2.8733668
2.678202
2.790705
2.5477877
2.585928
2.6869023
2.7428684
2.766645
2.72056
2.822476
2.6786473
2.791873
2.8200796
2.5355864
2.5357056
2.744615
2.8203974
2.7137294
2.7650585
2.787077
2.8093622
2.7954855
2.6562274
2.6405067
2.809569
2.7947338
2.859138
2.7844539
2.7699218
2.8063004
2.75713
2.9170585
2.7412105
2.6102097
2.6909075
2.7371297
2.8076196
2.817823
2.797524
2.771332
2.7537637
2.9743533
2.615953
2.7773886
2.6051335
2.7916207
2.8280835
2.7054038
2.8328433
2.7751517
2.8695
2.7478461
2.9734135
2.7007706
2.6807332
2.53747
2.8480027
2.8013687
2.7963712
2.773736
2.8088791
2.873229
2.7753866
2.8384786
2.8748612
2.7828145
2.6682959
2.7477286
2.7006674
2.890617
2.7462397
2.8059616
2.8315473
2.9229565
2.8483882
2.8658276
2.912459
2.6424527
2.7584538
2.7571173
2.6761236
2.8602166
2.924029
2.804442
2.8527
2.8476558
2.9021983
2.8589206
2.8711934
2.7548552
2.9832227
2.6404605
2.6728911
2.754638
2.6976361
2.8460608
2.7697558
2.8277593
2.925023
2.8294568
2.8239145
2.9397016
2.8591566
2.7675126
2.6847792
2.7386408
2.8531618
2.8108468
2.8376074
2.7665982
2.8377032
2.818397
2.907207
2.8347218
2.920435
2.9212823
2.6692457
2.854025
2.6621842
2.7381475
2.878881
2.8172219
2.8635714
2.786005
2.9421654
2.9682455
2.8812847
2.8331962
3.0173821
2.8407638
2.8887858
2.633881
2.7890034
2.834822
2.866431
2.8085423
2.7890348
2.882223
2.9149115
2.9346151
2.9438481
2.9573133
2.8958325
2.9532814
2.753777
2.8106031
2.675871
2.7895868
2.8586433
2.9072335
2.7586858
2.8009906
2.818584
2.989723
2.896247
2.8688335
2.9146261
2.8128738
2.6520288
2.760282
2.7446342
2.7734447
2.820302
2.8368902
2.856837
2.844998
2.901928
2.9796584
2.9292228
2.9923332
3.0713854
3.2010098
2.7762053
2.7249675
2.725849
2.8018467
2.9157753
2.774826
2.7789474
2.974186
2.8308406
2.879548
2.8563342
2.8761501
2.966763
2.7924728
2.7523336
2.7590468
2.760123
2.878963
2.7962291
2.8879933
2.7747989
2.7866042
2.868454
2.8434522
2.8714275
2.8776057
2.9023402
3.0029922
2.8845024
2.8824039
2.7898512
2.959825
2.8925037
2.867979
2.7884643
2.7271583
2.8529267
2.9059606
2.9564848
2.9178877
2.9489512
3.0118754
3.0810544
1.0594339
0.5049581
0.65895253
0.4088891
0.81304646
2.8304615
3.026505
2.9753044
3.1200762
2.9391584
2.9130368
2.6025507
2.8461337
2.9743195
2.9241269
3.0233898
2.9175582
2.8888693
2.924264
2.8557057
3.0921183
2.9993992
2.9356015
2.927455
2.9472213
2.9793973
2.711368
3.090456
3.104934
2.910865
2.61699
2.7988915
2.95813
2.9499264
2.8778534
2.9913566
2.8304563
3.0365262
3.2196345
2.887014
3.1161308
3.0218332
2.7448897
2.8379812
2.8793564
2.99246
2.8855135
2.969648
2.9815779
3.0737321
3.248765
3.1477714
3.0048494
3.0862446
2.77503
2.6642327
2.6516125
2.5002232
2.7588253
2.9173563
2.9840355
2.7078073
2.9274335
2.981515
3.1277857
3.008242
3.046142
3.004525
2.7886066
2.5962126
2.7103853
2.836403
2.7198935
2.8388507
2.7683997
3.0962796
2.8411546
2.6874356
2.982202
2.8239584
2.6328034
2.6217465
2.3954258
2.7067833
2.771644
2.707941
2.974717
2.814176
2.7882395
2.7231164
2.865406
2.8639326
2.700525
2.6119065
2.7086148
2.749067
2.971714
2.594234
2.7339683
2.8298287
2.656138
2.7853389
2.7700124
2.6346347
2.8257215
2.631753
2.7372756
2.490499
2.5337143
2.6309972
2.684287
2.7103117
2.6649384
2.76782
2.623759
2.738708
2.7726886
2.484572
2.4866977
2.6932025
2.767622
2.664026
2.711658
2.7388186
2.7632213
2.7409744
2.6028676
2.5850172
2.7568219
2.7439392
2.8135233
2.7352004
2.7218943
2.7510233
2.7031965
2.8654132
2.6893077
2.5620089
2.642243
2.6862335
2.7559237
2.7676191
2.745125
2.7217994
2.7047696
2.9208922
2.565094
2.724987
2.5597878
2.7443957
2.7743218
2.658398
2.7808542
2.7245922
2.8218021
2.69529
2.9243646
2.6508381
2.6292114
2.4895535
2.8007548
2.753653
2.7463484
2.7232966
2.7598295
2.8266945
2.7267623
2.7865937
2.8214753
2.7339554
2.6205297
2.700955
2.6566997
2.8434315
2.6974223
2.7574606
2.7794616
2.8674493
2.791905
2.8123565
2.8651197
2.5908759
2.709316
2.709342
2.6286235
2.8125
2.8736274
2.757939
2.801012
2.7961733
2.8526506
2.8021624
2.8196917
2.7068381
2.9380088
2.5923786
2.6248884
2.7068698
2.6493845
2.7949047
2.7241273
2.777008
2.8715935
2.780846
2.770214
2.8876255
2.8075533
2.712839
2.6365519
2.6890216
2.8070107
2.7659988
2.7891483
2.717212
2.7867527
2.767954
2.8524764
2.7819524
2.8700688
2.8702009
2.6158578
2.801458
2.6101341
2.6888528
2.8313982
2.7711744
2.8171608
2.7328992
2.8902917
2.9178572
2.832746
2.7842667
2.96457
2.7932022
2.835925
2.5819945
2.7397625
2.789669
2.819036
2.7612152
2.7393394
2.833599
2.8660693
2.8842764
2.894858
2.9053683
2.848112
2.9005818
2.7041059
2.7609522
2.6276424
2.7408745
2.8117108
2.8608837
2.7107182
2.7506404
2.7678592
2.9384103
2.8468685
2.8183866
2.866192
2.764276
2.601694
2.710785
2.6955695
2.7272272
2.773026
2.790986
2.803414
2.793572
2.8507423
2.928205
2.8787208
2.9401367
3.0189354
3.1513991
2.7266467
2.6777158
2.6792624
2.7552648
2.8663273
2.7258801
2.7282214
2.9230928
2.7812397
2.8252268
2.8082702
2.823327
2.919794
2.740172
2.702975
2.7085013
2.7105331
2.8304276
2.7499666
2.8409195
2.7230186
2.7377605
2.8209615
2.789731
2.81887
2.8249028
2.850164
2.951635
2.8357577
2.8293705
2.7427833
2.9139256
2.8466818
2.8225937
2.7357535
2.6747308
2.8010168
2.8543642
2.9070287
2.8688452
2.9007215
2.9624224
3.0187633
1.0075833
0.45246246
0.60454607
0.350977
0.77624464
2.7647505
2.9619036
2.9052553
3.053442
2.8769264
2.8655872
2.5565133
2.7846997
2.9122238
2.8623352
2.9664283
2.8615818
2.829564
2.8826919
2.8207736
3.036087
2.9411619
2.8893242
2.88517
2.9067771
2.9313765
2.6630764
3.041329
3.0530083
2.85776
2.5627108
2.7429953
2.9083064
2.8994477
2.8268595
2.9400916
2.7753801
2.9864745
3.1630535
2.834084
3.0651312
2.976736
2.7028477
2.7949257
2.8252249
2.9387994
2.8339567
2.9240608
2.931505
3.0282524
3.1941664
3.0958104
2.957434
3.0418794
2.7326825
2.6017106
2.5886216
2.4483943
2.7015986
2.8702583
2.9353495
2.6586246
2.878758
2.9308043
3.0707235
2.9547124
2.9939756
2.9542909
2.7413044
2.5367696
2.662068
2.780491
2.67492
2.7914305
2.7175653
3.0461402
2.7866127
2.6368022
2.9302964
2.7782168
2.5824585
2.5684466
2.3440711
2.6574955
2.720891
2.6544104
2.9225807
2.7642226
2.7407463
2.6775913
2.8190355
2.812511
2.6535568
2.5617309
2.658141
2.702549
2.920353
2.5420623
2.685513
2.7816696
2.6120553
2.7389631
2.7234578
2.581998
2.775291
2.582439
2.6837473
2.4440637
2.4872298
2.5842676
2.6311493
2.6619596
2.6170046
2.724553
2.5737786
2.691623
2.7275054
2.436161
2.4438982
2.6539016
2.7226553
2.619395
2.6629136
2.6894712
2.7207437
2.693364
2.5537124
2.5395083
2.7098112
2.7000577
2.7691698
2.6912627
2.6745272
2.6996522
2.656685
2.8149614
2.6428618
2.5171316
2.5969777
2.6392558
2.710112
2.721415
2.6983013
2.671241
2.6587048
2.8731227
2.5168898
2.6815605
2.5167432
2.701282
2.7280788
2.6159124
2.7347698
2.6777081
2.7802255
2.6481652
2.876567
2.6042447
2.5844061
2.445609
2.7564206
2.7074873
2.7018342
2.6743364
2.7106192
2.7768254
2.6790466
2.741887
2.7715662
2.6899612
2.5772817
2.6547976
2.6126673
2.7944007
2.6537902
2.7093825
2.7291493
2.8140414
2.737657
2.7637231
2.8179474
2.543097
2.6677637
2.6633754
2.587829
2.769835
2.8267574
2.7120457
2.7504349
2.7492204
2.8063078
2.7463293
2.7718365
2.6609974
2.8941529
2.5484922
2.5821686
2.6640675
2.603684
2.748632
2.6785054
2.727887
2.8234105
2.7323227
2.718123
2.838357
2.762808
2.6657495
2.591676
2.645529
2.76124
2.7225919
2.7465782
2.6722717
2.7392678
2.722375
2.801176
2.7308514
2.8187814
2.8216133
2.5692413
2.7550793
2.566719
2.6449656
2.7862272
2.7269006
2.7730362
2.6863933
2.8428657
2.869331
2.7849054
2.736853
2.9149323
2.750459
2.785047
2.534943
2.6929262
2.7463267
2.7749567
2.7173262
2.694274
2.7841868
2.8183265
2.8382483
2.8483038
2.8573818
2.8043475
2.8526049
2.6586366
2.7135272
2.5841503
2.6978812
2.7707896
2.821346
2.6669683
2.7042947
2.718607
2.8878946
2.799025
2.7708893
2.8236322
2.7213511
2.5567608
2.668054
2.6525471
2.6885765
2.731743
2.7498584
2.756429
2.746624
2.7993913
2.8769264
2.8226085
2.8716292
2.9639564
3.1010535
2.6783562
2.6287403
2.631081
2.7060065
2.8105564
2.670532
2.6681757
2.8660583
2.723648
2.7679763
2.7508726
2.7600749
2.8620977
2.6802654
2.6487584
2.6541984
2.6593394
2.7755134
2.7009099
2.7892554
2.6648135
2.68485
2.7626164
2.7301307
2.7594252
2.7612772
2.789394
2.8949854
2.7808752
2.7708592
2.69031
2.8600488
2.7941012
2.7661364
2.677916
2.621358
2.7413383
2.7952504
2.8482628
2.8087614
2.8422587
2.906034
2.9525425
0.8256098
0.24576713
0.46882808
0.27257234
0.7264489
2.68871
2.8956318
2.8277082
2.9751725
2.8032613
2.7845013
2.4673328
2.6987228
2.8356
2.7821846
2.8958116
2.7803512
2.7447033
2.7921314
2.7478313
2.9607098
2.870659
2.8100705
2.8006358
2.8370013
2.86265
2.602102
2.9743862
2.9894814
2.7931304
2.4987502
2.674706
2.8435893
2.8339577
2.7673702
2.8768759
2.711268
2.9200692
3.102904
2.7763803
3.0088325
2.9167166
2.6345756
2.7230024
2.758105
2.874278
2.771233
2.855823
2.8635993
2.964641
3.1294427
3.029736
2.8896704
2.9829602
2.664488
2.5378337
2.5238457
2.3853164
2.6338735
2.8098514
2.8723426
2.5937893
2.8195338
2.865635
3.0102925
2.8956072
2.937407
2.8995638
2.6882548
2.4788308
2.6014786
2.7170446
2.6183333
2.730433
2.6583354
2.9857302
2.7212195
2.580058
2.8773699
2.72121
2.5239944
2.508524
2.285263
2.589755
2.6550055
2.595338
2.864273
2.7071495
2.6823483
2.616492
2.7638984
2.7550864
2.5963414
2.5010762
2.6017666
2.6426308
2.8666677
2.485682
2.6304054
2.7263236
2.5568068
2.6803093
2.6640787
2.519837
2.7166152
2.524194
2.616581
2.3862252
2.4308925
2.525038
2.5729384
2.6080601
2.5622113
2.6637795
2.5134387
2.6303341
2.6695905
2.3829768
2.3905606
2.598085
2.670577
2.565255
2.5994313
2.6335187
2.6655183
2.637595
2.501126
2.485887
2.65415
2.6435938
2.718073
2.6386192
2.6195273
2.6441488
2.6027956
2.7545576
2.5856323
2.4640827
2.5458865
2.587659
2.655693
2.6660209
2.6423917
2.6156268
2.6034973
2.8175223
2.465278
2.6275547
2.4689252
2.6503224
2.6731968
2.565977
2.6725552
2.6224542
2.7240434
2.5909672
2.8212476
2.548626
2.5309687
2.3936667
2.7038617
2.6544623
2.6467066
2.6167169
2.6544144
2.720643
2.6264663
2.6839216
2.7148943
2.6337123
2.5244398
2.597968
2.5626512
2.7433486
2.601582
2.6524906
2.6716018
2.7540154
2.6778698
2.7039154
2.7625284
2.4908962
2.6149461
2.6134968
2.5376303
2.716196
2.7711234
2.6620998
2.6920416
2.6936367
2.7494059
2.6818073
2.7134535
2.6035428
2.8413432
2.503336
2.530065
2.611969
2.5520332
2.6941957
2.6256738
2.671774
2.7675066
2.6757822
2.6577432
2.7799056
2.7081006
2.6074185
2.5404773
2.5964384
2.7093313
2.6724014
2.6942816
2.6171765
2.682924
2.6698222
2.7429433
2.6746726
2.759503
2.7598515
2.5152268
2.7009215
2.5154605
2.594205
2.7343297
2.6766796
2.7213688
2.6300387
2.785674
2.8118122
2.7294514
2.6803088
2.8569493
2.6976528
2.731594
2.4819975
2.6428843
2.6963496
2.7233965
2.667381
2.6390586
2.7307472
2.7623436
2.782084
2.7917964
2.8003986
2.7520185
2.7960918
2.6081681
2.6611469
2.5317512
2.6479447
2.7193916
2.7699442
2.614328
2.647756
2.6623783
2.8283975
2.7414818
2.7148967
2.7715812
2.6724186
2.5057158
2.6181345
2.5996175
2.6369104
2.6802557
2.6988802
2.7009273
2.6904492
2.7456818
2.8234367
2.7695222
2.8190684
2.9125252
3.051015
2.6317358
2.5858977
2.586645
2.6641622
2.7695286
2.6313386
2.6221275
2.8196492
2.6820507
2.7175837
2.7060738
2.7147555
2.8173275
2.6317554
2.6048899
2.6105564
2.6168075
2.7315152
2.6567645
2.746967
2.6150794
2.638358
2.7191858
2.6834972
2.7118413
2.7153435
2.7436042
2.846487
2.7368238
2.7261093
2.6484132
2.8142142
2.752328
2.7265618
2.635088
2.5806675
2.6971717
2.7498982
2.8050773
2.7619605
2.7975254
2.8611987
2.886066
0.7828678
0.2082559
0.4325989
0.23970783
0.69249547
2.6349301
2.8514032
2.775178
2.922314
2.75408
2.7252007
2.3932424
2.6389031
2.7835255
2.7364879
2.848845
2.7396069
2.6935945
2.754691
2.708961
2.912075
2.816121
2.767111
2.7573
2.7973762
2.814725
2.567448
2.9314337
2.948471
2.7553427
2.4519527
2.6290815
2.7981577
2.796711
2.7252364
2.8308592
2.6671968
2.878737
3.0572805
2.7387648
2.968585
2.8796165
2.5985317
2.6880636
2.7190046
2.8365378
2.735443
2.821279
2.8311973
2.9275784
3.0842128
2.9877415
2.8502574
2.9447727
2.630145
2.4897287
2.4791994
2.348887
2.5964572
2.7729654
2.8315089
2.5563293
2.7759514
2.8217201
2.9612985
2.8563073
2.8982546
2.8597207
2.6488853
2.4376202
2.5687022
2.6718893
2.577796
2.6844094
2.6149755
2.9444075
2.680514
2.5413508
2.8376803
2.677278
2.4835446
2.4646206
2.2396922
2.543484
2.610565
2.5474443
2.8203921
2.6628153
2.6424522
2.577599
2.7251258
2.7138238
2.5578763
2.462539
2.5574446
2.6005058
2.8169692
2.4413943
2.5869932
2.6848164
2.522236
2.6420822
2.6238353
2.4755597
2.6733031
2.485756
2.5789118
2.3477888
2.3957548
2.487754
2.5324283
2.5673897
2.5216742
2.6256046
2.4730535
2.593196
2.6292167
2.3414016
2.3530853
2.559686
2.630389
2.5261908
2.5567203
2.5915368
2.6252673
2.5948524
2.459569
2.4448824
2.6140728
2.6049893
2.6808681
2.6001983
2.580555
2.6038845
2.5640848
2.7092073
2.539826
2.425713
2.5059347
2.551212
2.6145797
2.6291428
2.6011853
2.5746162
2.564118
2.7736955
2.4266953
2.5889049
2.4337924
2.614749
2.6352677
2.528344
2.6285326
2.5831227
2.68613
2.551639
2.7823434
2.510728
2.491968
2.3563955
2.664454
2.6165128
2.6080399
2.5754633
2.6143541
2.6813128
2.5882723
2.6426501
2.6756911
2.5946581
2.48754
2.5585797
2.5250363
2.703869
2.566012
2.6115777
2.6313584
2.7103467
2.6325579
2.6652777
2.7202024
2.4511893
2.5767462
2.5763516
2.5040293
2.6791544
2.7313259
2.6234043
2.649256
2.6516404
2.7079859
2.635198
2.6687121
2.5615344
2.8035336
2.4654095
2.4901364
2.5715873
2.5164309
2.6525292
2.5887039
2.6299481
2.7244573
2.6344552
2.6127465
2.7366998
2.6659236
2.566913
2.5018566
2.5587137
2.67351
2.6347373
2.652699
2.5778565
2.6413615
2.6307487
2.7009242
2.6354802
2.7148151
2.7156742
2.4777532
2.6636186
2.480288
2.5556765
2.6954255
2.6404917
2.684281
2.5907402
2.7456293
2.7725172
2.6887596
2.638454
2.8129807
2.6565733
2.6900663
2.443171
2.6044912
2.6611948
2.685731
2.63157
2.5994673
2.6934984
2.7231867
2.7426162
2.7528367
2.7593665
2.715708
2.7565808
2.572657
2.6210113
2.4945884
2.6132355
2.6822634
2.7368033
2.5807815
2.609415
2.621892
2.7874231
2.7000103
2.6735392
2.7322457
2.6370795
2.46833
2.5825722
2.5638313
2.602453
2.6459498
2.663247
2.660852
2.6492946
2.7068248
2.7815948
2.7311378
2.7784126
2.8730938
3.0101514
2.5942054
2.5507984
2.550912
2.6305022
2.732133
2.5954075
2.5818853
2.7812765
2.6465735
2.6808639
2.6668034
2.6753597
2.7777495
2.591628
2.565259
2.5730293
2.5807314
2.6965876
2.6202426
2.70924
2.5753443
2.6006775
2.6815343
2.643459
2.670948
2.6727643
2.7015123
2.8020911
2.6980085
2.6845517
2.614253
2.7798667
2.717209
2.688976
2.5956426
2.540286
2.656927
2.7104926
2.766313
2.7229195
2.7568786
2.8219867
2.824509
0.74419415
0.17444862
0.40280068
0.21208024
0.66341543
2.5850034
2.80579
2.729693
2.8818898
2.7093594
2.6853368
2.3332334
2.5820875
2.7417145
2.6921568
2.8159895
2.7036326
2.6540709
2.7181578
2.6828234
2.8755646
2.786873
2.7268791
2.715401
2.760244
2.7791846
2.543611
2.9178405
2.923193
2.7160254
2.4340749
2.6005907
2.779456
2.7822912
2.6929436
2.8180819
2.6469412
2.8672032
3.030584
2.7279284
2.950238
2.8456917
2.5644515
2.6488302
2.68888
2.8257627
2.7263248
2.8011189
2.8058133
2.920094
3.0620167
2.9744616
2.8148026
2.9192843
2.5981774
2.4662113
2.4579825
2.3117206
2.5506022
2.747549
2.8111084
2.52829
2.755884
2.7944772
2.9376965
2.8310242
2.8670619
2.8296604
2.6294906
2.4097023
2.5338116
2.63789
2.5400095
2.650271
2.5837202
2.9044223
2.632039
2.50762
2.8027215
2.6480417
2.4516613
2.4274127
2.195672
2.5041814
2.5772254
2.512733
2.7836113
2.625143
2.6017232
2.54297
2.6859007
2.6839223
2.522593
2.4241922
2.5238557
2.5664985
2.7710037
2.4039044
2.5542848
2.6558242
2.493096
2.6061797
2.5839176
2.435582
2.626394
2.4450345
2.5345736
2.3057098
2.361112
2.4564147
2.500753
2.5368977
2.4819846
2.5880537
2.4323735
2.5526266
2.5929406
2.304606
2.319249
2.5269113
2.5956235
2.4903207
2.517753
2.5497174
2.590951
2.5557556
2.4207888
2.4073284
2.5813003
2.5719552
2.6477184
2.564681
2.5398626
2.5665162
2.5286303
2.6685004
2.500134
2.388678
2.4686315
2.515524
2.578762
2.5924761
2.5632036
2.5324762
2.5278196
2.738164
2.3902895
2.5549557
2.4025795
2.5823855
2.5993392
2.4943633
2.5876355
2.542444
2.647645
2.5113227
2.747004
2.4743428
2.4567966
2.325314
2.6291862
2.5826411
2.5728989
2.5363955
2.573051
2.6430693
2.5501435
2.6042912
2.640094
2.5591865
2.4538963
2.5219448
2.4894454
2.6692712
2.5317788
2.57301
2.594726
2.6685805
2.5884068
2.625309
2.6814396
2.4133744
2.5403519
2.5430846
2.468162
2.6432276
2.69465
2.5912657
2.6108086
2.6142201
2.6716075
2.5870576
2.6266804
2.5228684
2.766389
2.4308681
2.4558024
2.536416
2.4833317
2.6163166
2.5538182
2.5930862
2.6876764
2.5983856
2.573501
2.6971836
2.6309938
2.5297384
2.465806
2.5247793
2.6405363
2.6034386
2.618456
2.5431318
2.601679
2.5934167
2.661059
2.5982332
2.6762233
2.6747034
2.4385414
2.6236165
2.4445305
2.520772
2.6608834
2.6062539
2.651368
2.5568395
2.706874
2.7357585
2.6488953
2.6006727
2.7726731
2.622445
2.6509795
2.4067507
2.5665653
2.6269104
2.6498075
2.5966506
2.5626302
2.6583357
2.6825814
2.7063253
2.7144427
2.7199283
2.676559
2.7177396
2.537969
2.5826678
2.4595318
2.578745
2.6494555
2.7042246
2.5437531
2.5705256
2.5834002
2.748987
2.6620948
2.6376126
2.6963296
2.6012077
2.4322019
2.5451024
2.5294106
2.5693333
2.6135218
2.629772
2.6216164
2.6103218
2.6682475
2.741845
2.6928196
2.7383294
2.8340666
2.9720259
2.5586991
2.516637
2.516302
2.596027
2.697327
2.561985
2.5463443
2.7445292
2.6085892
2.6430216
2.6328576
2.6367102
2.743915
2.552074
2.5272124
2.536314
2.5439954
2.6604095
2.5867178
2.6762552
2.5380957
2.5651526
2.6456306
2.6054277
2.6339493
2.6333947
2.661549
2.7649922
2.6615
2.6479979
2.5819707
2.7441757
2.6816392
2.6555033
2.5603156
2.5045907
2.6187515
2.6731439
2.730397
2.6858191
2.7217393
2.783804
2.7706249
0.7206433
0.15371893
0.37827137
0.19381893
0.6411065
2.542314
2.7702248
2.694252
2.8431716
2.6744397
2.643559
2.2819104
2.530595
2.7047644
2.6490524
2.7816825
2.671564
2.6188736
2.6844854
2.6560738
2.8376596
2.7535646
2.6955862
2.6795926
2.7339282
2.7518926
2.499559
2.8562589
2.8787634
2.6826453
2.365747
2.5496998
2.7391436
2.7225924
2.6470327
2.7631042
2.5997174
2.809163
2.983368
2.6648922
2.904724
2.8078804
2.5316021
2.602695
2.6494007
2.7610652
2.6637254
2.7417004
2.7594452
2.849257
3.0042706
2.913132
2.7723958
2.8829613
2.5532565
2.4097347
2.39321
2.2646213
2.5201218
2.7155714
2.7640631
2.4838238
2.7086225
2.7556987
2.8919187
2.7831733
2.8228421
2.7889032
2.5810466
2.3651958
2.5055375
2.5954356
2.5021446
2.6099305
2.5436108
2.8755183
2.603848
2.4732318
2.7694864
2.6099653
2.4125252
2.3869343
2.157631
2.4625497
2.5267951
2.4700904
2.7437773
2.590795
2.5675964
2.5076566
2.6528604
2.6420121
2.4876513
2.3875504
2.4877846
2.5311446
2.7361076
2.3676114
2.5174704
2.6184967
2.4548717
2.570384
2.5533986
2.396732
2.5905678
2.411708
2.5007129
2.273283
2.3247137
2.4226303
2.4618413
2.5026283
2.4504685
2.558787
2.3984323
2.5172043
2.5574343
2.2742522
2.2881684
2.4937122
2.5646207
2.4554675
2.484417
2.5137072
2.5595932
2.523474
2.388191
2.3713555
2.5484922
2.537827
2.6170616
2.5328534
2.5058775
2.532003
2.4942894
2.635608
2.4624565
2.3575888
2.4372282
2.4874744
2.5455794
2.5622196
2.5278585
2.4983532
2.4971204
2.7038493
2.3602765
2.520657
2.3725033
2.5532532
2.566299
2.4641538
2.5553207
2.5106113
2.620771
2.4814632
2.7162168
2.4444191
2.4308748
2.2996259
2.600393
2.5516667
2.540362
2.504027
2.5440679
2.612592
2.5208268
2.5692196
2.6030807
2.5270827
2.4253635
2.4900944
2.4618552
2.6358871
2.503754
2.5428228
2.5645485
2.6356444
2.5538812
2.5955882
2.6499457
2.3820744
2.510136
2.5152812
2.4393177
2.6140268
2.6609917
2.556725
2.5775683
2.5860076
2.6449213
2.5463226
2.590192
2.4911828
2.7325292
2.3990288
2.4260793
2.502739
2.4543421
2.5852118
2.524706
2.5626144
2.6560516
2.5694914
2.5409372
2.6601632
2.5989974
2.494741
2.4362454
2.4952383
2.6113486
2.5729482
2.5876155
2.5151663
2.5718875
2.5616453
2.6276448
2.5622182
2.6442368
2.6391368
2.4026842
2.5904813
2.4165027
2.4900985
2.6315048
2.5755274
2.620757
2.5228372
2.675578
2.706207
2.6173
2.5691123
2.7400198
2.5934782
2.6178913
2.3746333
2.5354555
2.5990586
2.619103
2.5658412
2.5322692
2.6260605
2.655254
2.6761677
2.6816757
2.6855733
2.6432803
2.6812558
2.5056558
2.549703
2.428205
2.5457335
2.6190271
2.6753206
2.5116029
2.53473
2.5467691
2.7144873
2.6290255
2.6036897
2.6638596
2.5691571
2.4003325
2.5135286
2.4976554
2.5400887
2.5819316
2.5975773
2.5898652
2.575698
2.6351113
2.7100267
2.6595857
2.7029061
2.7999291
2.937278
2.525725
2.485202
2.4856148
2.5657146
2.6671505
2.530797
2.5133317
2.7110598
2.5762973
2.606429
2.6000323
2.5996423
2.713439
2.5142367
2.4942007
2.502718
2.515525
2.6256669
2.5571656
2.6441362
2.50278
2.5323758
2.617003
2.569663
2.6028864
2.5992565
2.623766
2.7290125
2.6286006
2.614021
2.552225
2.7105763
2.6502273
2.6253054
2.5263195
2.4753315
2.5879707
2.6414762
2.698442
2.6515472
2.6861649
2.7461514
2.7190742
0.6948011
0.13154916
0.35751152
0.17586772
0.6185008
2.5000854
2.740017
2.6614308
2.8073246
2.6373534
2.6052604
2.237087
2.4874654
2.67115
2.6155539
2.7518816
2.6374943
2.5812705
2.636061
2.621234
2.7978783
2.7111406
2.6589656
2.647518
2.7032745
2.718565
2.4730868
2.8226752
2.8488483
2.6492696
2.3368418
2.5211093
2.7054157
2.6941113
2.6251616
2.7389855
2.5759249
2.7870724
2.9447882
2.6472306
2.8795362
2.7935228
2.509583
2.5778146
2.6297717
2.7427754
2.6474538
2.7175815
2.734361
2.8213062
2.9765248
2.8808923
2.7418392
2.8471775
2.5278044
2.3663125
2.3630154
2.2334492
2.473136
2.6777868
2.7230515
2.4427814
2.666441
2.7222135
2.850883
2.7536995
2.7968504
2.7621977
2.5589242
2.3354867
2.4764524
2.5621176
2.4705772
2.5712955
2.5082965
2.835788
2.563611
2.4463
2.7345748
2.5798626
2.3749082
2.3528657
2.117958
2.4320762
2.499636
2.4388926
2.7131348
2.5527575
2.5321584
2.4743898
2.621736
2.6058767
2.4577155
2.3593636
2.4546766
2.5017247
2.703465
2.3296824
2.4842932
2.5911267
2.4324982
2.531547
2.519659
2.362824
2.5564413
2.381415
2.4620378
2.2418733
2.2962627
2.3928356
2.4307642
2.468677
2.4101539
2.5260534
2.3607965
2.4855852
2.5230458
2.2409577
2.2584445
2.465045
2.5330808
2.4258673
2.4521267
2.4793577
2.53248
2.4869015
2.3523202
2.339662
2.5190105
2.5096347
2.587862
2.5017128
2.474425
2.5004485
2.4613638
2.598476
2.429824
2.329752
2.4055762
2.4573038
2.5125034
2.528623
2.493679
2.466527
2.4653392
2.6670268
2.3282723
2.4873457
2.3438358
2.5251794
2.534419
2.4339297
2.5219326
2.476457
2.5887198
2.4484267
2.6856527
2.4091978
2.3947127
2.2694798
2.5712814
2.520657
2.5083153
2.4725292
2.5122943
2.5826383
2.4900215
2.53678
2.5724022
2.4983647
2.3943543
2.4588242
2.4349542
2.6039526
2.4754848
2.507269
2.530417
2.5991507
2.51828
2.5655503
2.6185536
2.3464575
2.479539
2.485476
2.4100757
2.584562
2.6286774
2.5290966
2.5440016
2.5510173
2.611723
2.5080366
2.5560877
2.4580598
2.7015038
2.3686175
2.3982105
2.472743
2.4267724
2.554696
2.4955938
2.5305912
2.626506
2.5388064
2.5043192
2.6257625
2.5652869
2.464977
2.4086924
2.4677997
2.5814667
2.5427785
2.5579505
2.4848576
2.5404482
2.5329916
2.5937233
2.5303502
2.61263
2.60631
2.3707862
2.559667
2.3869746
2.4597592
2.6004944
2.5435333
2.5925455
2.4948225
2.6442032
2.674135
2.5833645
2.5393963
2.707919
2.5626183
2.585668
2.344314
2.503186
2.5694814
2.586825
2.5354433
2.5016158
2.5964246
2.6223814
2.6441083
2.648114
2.6537523
2.6125042
2.6492124
2.4755564
2.5179324
2.398024
2.5152907
2.589913
2.6475637
2.4816592
2.5044122
2.5121884
2.681786
2.5972164
2.5721128
2.6324954
2.5378654
2.3704267
2.48385
2.4669986
2.5061007
2.5529308
2.5667586
2.5596566
2.5440478
2.6028824
2.6765442
2.628502
2.6685593
2.7677426
2.9058213
2.496477
2.4567938
2.4565473
2.537834
2.6351833
2.5006843
2.4823043
2.6760545
2.545555
2.5722253
2.5679548
2.5660665
2.6840181
2.4807084
2.4598804
2.4702015
2.483468
2.5934188
2.5283363
2.6136496
2.47089
2.5017252
2.5852213
2.5357904
2.5711489
2.565196
2.5889578
2.696334
2.5977936
2.5805736
2.5223193
2.6773224
2.619432
2.5953012
2.49469
2.4444733
2.5568676
2.6078668
2.6688333
2.6158423
2.6538095
2.7114053
2.6645174
0.6710539
0.11192717
0.33919913
0.16048309
0.5980191
2.4656184
2.7204356
2.6290398
2.7745948
2.6073716
2.5669465
2.1935108
2.4500902
2.6424975
2.594535
2.7285514
2.6120164
2.5520277
2.6159153
2.5884593
2.7738514
2.6676488
2.6264613
2.6190019
2.6756399
2.683501
2.443069
2.791117
2.813014
2.624506
2.303661
2.4735641
2.6733174
2.6645052
2.5905294
2.694961
2.5378854
2.7436707
2.9060652
2.6038666
2.8384266
2.7503133
2.4637432
2.527074
2.5758867
2.700559
2.607826
2.6856406
2.6975074
2.788246
2.9337735
2.8482385
2.707407
2.8201096
2.5147967
2.3367543
2.3206182
2.2063782
2.445609
2.6485245
2.6972628
2.412279
2.639092
2.6936371
2.8153265
2.7210767
2.7642214
2.7298012
2.5313969
2.3090863
2.4519055
2.5419755
2.4459636
2.5484438
2.4781113
2.8110514
2.5405002
2.4241564
2.7110128
2.5588508
2.3477893
2.3206153
2.087282
2.406926
2.4683216
2.41166
2.6786337
2.5302854
2.510049
2.4504287
2.5980194
2.5792184
2.4350383
2.3386905
2.4231133
2.4795313
2.6718504
2.3052087
2.4599514
2.5648065
2.4026933
2.5071523
2.4905705
2.3349733
2.5198698
2.3498573
2.4313326
2.218225
2.2709155
2.37133
2.4057176
2.4464414
2.3821685
2.4946032
2.335031
2.4569225
2.496257
2.2160037
2.2303452
2.4402795
2.506522
2.3979049
2.418349
2.4486475
2.5034425
2.4618711
2.324688
2.3144817
2.4868755
2.477683
2.5614562
2.4736707
2.4447134
2.4730725
2.4323623
2.5650835
2.3962097
2.300365
2.3804479
2.4308496
2.4847708
2.5037484
2.4603813
2.4327064
2.4346442
2.6362083
2.302464
2.4617822
2.3182209
2.502477
2.5074372
2.4072304
2.4953504
2.448671
2.5604498
2.4167092
2.6585593
2.3815022
2.3642144
2.2433424
2.5475264
2.4935706
2.4801955
2.4417489
2.4807801
2.5545406
2.4610662
2.5061705
2.5421782
2.469553
2.369645
2.4309268
2.4022598
2.5735655
2.4450808
2.473942
2.4966886
2.5646806
2.4842556
2.5317407
2.586329
2.3155365
2.4497557
2.4591513
2.3818176
2.5572577
2.595663
2.496401
2.508525
2.5217242
2.5829103
2.4659243
2.5190635
2.4273293
2.6680973
2.3420444
2.367237
2.4421875
2.3985229
2.5188172
2.4616687
2.4998126
2.5899053
2.505363
2.476944
2.590936
2.5350757
2.4317377
2.379378
2.4375103
2.5542433
2.514781
2.5276318
2.4549322
2.504712
2.5001404
2.5544748
2.4990137
2.5757356
2.5653863
2.339572
2.5284142
2.3590455
2.4314709
2.5720484
2.515925
2.5620823
2.4629185
2.6128182
2.638615
2.5512128
2.5111654
2.6755698
2.5341449
2.5543137
2.3146782
2.4739106
2.543431
2.558384
2.5055285
2.4734924
2.569737
2.5963724
2.6110413
2.617289
2.6207857
2.5834346
2.6181364
2.4455318
2.48812
2.369132
2.4865046
2.5641243
2.6209607
2.4527044
2.4717112
2.481981
2.6543808
2.5666618
2.5419817
2.6051445
2.5064669
2.34016
2.459141
2.4390497
2.4807417
2.5248075
2.5374212
2.5246305
2.5102715
2.5709062
2.6439424
2.5979671
2.6326203
2.736212
2.8744054
2.4675002
2.4286427
2.4270077
2.5086384
2.6051621
2.4710217
2.4512858
2.6465335
2.5153537
2.5415487
2.5379925
2.536205
2.6529589
2.449112
2.4280255
2.4432108
2.4529161
2.5639954
2.5005512
2.5837045
2.4397092
2.472123
2.5553536
2.504201
2.5418372
2.5323944
2.5579562
2.666476
2.5654097
2.5504112
2.4952488
2.6476312
2.5895076
2.5690532
2.463046
2.4117603
2.5259824
2.5764375
2.6397612
2.5836518
2.6225266
2.680468
2.625735
0.65114814
0.097456105
0.324796
0.1491526
0.5835294
2.434442
2.6860266
2.6008365
2.7560964
2.581322
2.5374882
2.1557562
2.4201608
2.6110868
2.5582016
2.6926587
2.5787365
2.5201468
2.5728388
2.5608044
2.7396889
2.6308618
2.5931423
2.5866718
2.6464849
2.6516147
2.421839
2.7643685
2.7835119
2.5910902
2.272759
2.4389038
2.6480339
2.6310072
2.562902
2.662138
2.5155067
2.7233276
2.8748658
2.5771952
2.8136497
2.720319
2.427072
2.4942858
2.5440962
2.672626
2.5775337
2.6571345
2.6712232
2.7562127
2.904913
2.8076496
2.67279
2.7877007
2.4723644
2.2749615
2.2648287
2.159929
2.4093308
2.6117976
2.6605031
2.3840613
2.6108913
2.6536422
2.7812712
2.6829102
2.7341576
2.7017715
2.5043807
2.2723923
2.4265652
2.5205417
2.41665
2.5079718
2.4402127
2.7760735
2.5076826
2.3974957
2.6836553
2.530451
2.3193796
2.2823896
2.0410242
2.3744543
2.4380507
2.384783
2.6536527
2.5013452
2.4800425
2.4235811
2.5722747
2.54674
2.408105
2.31157
2.3901691
2.4458768
2.6389322
2.2681487
2.4243145
2.5324702
2.3779898
2.4780407
2.461548
2.3072405
2.4870708
2.323657
2.396428
2.1845546
2.240212
2.3417654
2.374168
2.413546
2.3424108
2.464179
2.29531
2.4239836
2.465024
2.1839576
2.2047768
2.4127007
2.4759881
2.367264
2.3839793
2.4157534
2.476724
2.4299655
2.2927327
2.282322
2.4593425
2.4529183
2.5351672
2.4479816
2.4181647
2.439158
2.409769
2.5346432
2.3680408
2.274075
2.3508573
2.4035335
2.4540656
2.4739132
2.4370284
2.4133735
2.4084823
2.6009998
2.2723298
2.4302533
2.2915936
2.4761128
2.4752948
2.3821762
2.4621122
2.4179888
2.5312274
2.392055
2.6323848
2.351553
2.3356109
2.215481
2.5157537
2.4608507
2.450178
2.414679
2.4494753
2.521522
2.4357276
2.4757001
2.512547
2.440413
2.3416133
2.40006
2.3757615
2.5432913
2.4181905
2.4443922
2.4664526
2.5308363
2.450272
2.501955
2.5546823
2.2872038
2.4222813
2.432551
2.353932
2.5318604
2.5686371
2.466014
2.4753158
2.4950452
2.5550015
2.4228246
2.4832816
2.3958046
2.6407542
2.3155293
2.3402205
2.4147782
2.3723187
2.4922943
2.436897
2.474168
2.5696177
2.4851446
2.447071
2.5598722
2.5042925
2.4052482
2.3535128
2.4128242
2.528647
2.4895582
2.5041902
2.4348946
2.4739015
2.484003
2.5368948
2.4678998
2.5523398
2.5337198
2.3115766
2.5007186
2.3311028
2.4020355
2.5440326
2.4887283
2.537058
2.4442358
2.5855618
2.621118
2.5273702
2.4926372
2.6368263
2.5037189
2.5246859
2.2852707
2.4440436
2.5154939
2.5279095
2.4786186
2.4415083
2.536055
2.5596297
2.584429
2.5893598
2.5976675
2.5587857
2.5869632
2.4188795
2.457866
2.340702
2.4622374
2.5347354
2.592691
2.4211783
2.4375706
2.4446518
2.62222
2.5342503
2.508542
2.5742478
2.4760551
2.3103857
2.4278147
2.4084218
2.4533188
2.4980693
2.5070415
2.4934258
2.47915
2.5439477
2.6146007
2.574669
2.608169
2.7097409
2.8440385
2.4403806
2.398538
2.3961792
2.485951
2.5775218
2.444766
2.4322412
2.6184788
2.4977803
2.5272737
2.5097175
2.5100431
2.6224065
2.4204445
2.3971844
2.415641
2.4263144
2.537198
2.4722755
2.5545433
2.4088955
2.443501
2.5313506
2.4868612
2.5177424
2.5093994
2.5290885
2.6360319
2.5377564
2.5211825
2.4694881
2.6188638
2.5612423
2.541327
2.4418116
2.3859944
2.504412
2.5465188
2.6152558
2.5526476
2.5922124
2.648529
2.565559
